3                 
3                 

100 2 2 3 150     
                  
40 2 1 3 50       
                  
80 2 1 2 120      
                  

1 2 3             

4                 

4 2 0 0 3 1 0 0 0 

20 30 40          
                  
0 0 0             
50 10 20          
                  
10 10 40          
                  

-5                

-1                

-5                
                  

-3 30 3 4         

-2 1 4 3 30 15    
                  
                  

-5                

-3 20 2 1         

-2 2 3 1 10 10    
                  
                  

-5                
